t1 <- c(1, 31, 60, 89, 96, 138, 135, 126, 175, 241, 210, 319, 257, 259, 240, 270, 302, 267, 357, 300, 304, 348, 399, 452, 409, 400, 385, 388, 420, 350, 372, 409, 403, 371, 451, 463, 469, 446, 391, 383, 501, 504, 414, 469, 461, 461, 460, 492, 448, 463, 479, 504, 466, 527, 411, 393, 515, 439, 565, 498, 466, 464, 484, 493, 502, 478, 504, 513, 501, 428, 508, 489, 520, 542, 550, 471, 514, 462, 516, 588, 596, 434, 530, 552, 548, 585, 573, 500, 454, 544, 494, 462, 486, 571, 644, 494, 601, 565, 495, 630, 522)
t2 <- c(0, 0, 0, 0, 0, 0, 0, 0, 0, 0, 0, 0, 0, 0, 0, 0, 0, 0, 0, 0, 0, 0, 0, 0, 0, 0, 0, 0, 0, 0, 0, 0, 0, 0, 0, 0, 0, 0, 0, 0, 0, 0, 0, 0, 0, 0, 0, 0, 0, 0, 0, 0, 0, 0, 0, 0, 0, 0, 0, 0, 0, 0, 0, 0, 0, 0, 0, 0, 0, 0, 0, 0, 0, 0, 0, 0, 0, 0, 0, 0, 0, 0, 0, 0, 0, 0, 0, 0, 0, 0, 0, 0, 0, 0, 0, 0, 0, 0, 0, 0, 0)
s <- c(1003, 1017, 977, 1002, 991, 1021, 998, 1003, 1012, 1012, 1010, 1025, 1010, 948, 1044, 981, 995, 959, 1049, 1021, 1026, 1025, 968, 1016, 1013, 1043, 981, 975, 1021, 1023, 1022, 990, 938, 957, 1031, 998, 1000, 987, 1055, 992, 1007, 987, 958, 978, 1024, 1037, 1011, 1040, 976, 1047, 990, 1031, 1011, 1039, 974, 970, 1013, 1001, 1007, 1028, 984, 1014, 1011, 1045, 1049, 1020, 1043, 972, 1020, 979, 1005, 989, 998, 981, 965, 1003, 985, 997, 933, 993, 1005, 948, 1057, 1040, 998, 1015, 947, 978, 944, 1028, 970, 943, 974, 1057, 993, 1009, 962, 1010, 995, 1044, 933)
w<-c(0, 10, 20, 30, 40, 50, 60, 70, 80, 90, 100, 110, 120, 130, 140, 150, 160, 170, 180, 190, 200, 210, 220, 230, 240, 250, 260, 270, 280, 290, 300, 310, 320, 330, 340, 350, 360, 370, 380, 390, 400, 410, 420, 430, 440, 450, 460, 470, 480, 490, 500, 510, 520, 530, 540, 550, 560, 570, 580, 590, 600, 610, 620, 630, 640, 650, 660, 670, 680, 690, 700, 710, 720, 730, 740, 750, 760, 770, 780, 790, 800, 810, 820, 830, 840, 850, 860, 870, 880, 890, 900, 910, 920, 930, 940, 950, 960, 970, 980, 990, 1000)