t1 <- c(1, 38, 42, 87, 102, 122, 122, 127, 162, 216, 206, 321, 254, 293, 238, 285, 280, 289, 311, 316, 323, 326, 363, 419, 388, 354, 402, 415, 363, 355, 367, 359, 402, 384, 428, 486, 496, 535, 387, 456, 487, 508, 450, 500, 441, 435, 457, 486, 480, 427, 517, 404, 473, 492, 416, 450, 510, 467, 554, 496, 457, 505, 509, 473, 475, 499, 527, 532, 507, 448, 523, 529, 504, 553, 573, 487, 524, 453, 551, 577, 547, 447, 508, 505, 555, 612, 593, 503, 437, 505, 515, 474, 489, 515, 623, 485, 598, 593, 492, 597, 581)
t2 <- c(0, 0, 0, 0, 0, 0, 0, 0, 0, 0, 0, 0, 0, 0, 0, 0, 0, 0, 0, 0, 0, 0, 0, 0, 0, 0, 0, 0, 0, 0, 0, 0, 0, 0, 0, 0, 0, 0, 0, 0, 0, 0, 0, 0, 0, 0, 0, 0, 0, 0, 0, 0, 0, 0, 0, 0, 0, 0, 0, 0, 0, 0, 0, 0, 0, 0, 0, 0, 0, 0, 0, 0, 0, 0, 0, 0, 0, 0, 0, 0, 0, 0, 0, 0, 0, 0, 0, 0, 0, 0, 0, 0, 0, 0, 0, 0, 0, 0, 0, 0, 0)
s <- c(934, 960, 944, 976, 957, 963, 889, 910, 930, 929, 983, 918, 960, 917, 920, 929, 953, 914, 931, 933, 952, 928, 925, 931, 891, 962, 945, 936, 969, 922, 942, 875, 885, 990, 948, 938, 977, 1000, 988, 994, 921, 958, 1000, 967, 943, 992, 936, 976, 948, 918, 952, 868, 914, 934, 904, 956, 944, 983, 987, 950, 938, 981, 965, 943, 948, 947, 969, 953, 934, 952, 980, 954, 949, 916, 937, 953, 949, 995, 938, 941, 957, 966, 964, 934, 962, 991, 930, 897, 933, 929, 946, 906, 925, 941, 957, 925, 997, 980, 946, 950, 976)
w<-c(0, 10, 20, 30, 40, 50, 60, 70, 80, 90, 100, 110, 120, 130, 140, 150, 160, 170, 180, 190, 200, 210, 220, 230, 240, 250, 260, 270, 280, 290, 300, 310, 320, 330, 340, 350, 360, 370, 380, 390, 400, 410, 420, 430, 440, 450, 460, 470, 480, 490, 500, 510, 520, 530, 540, 550, 560, 570, 580, 590, 600, 610, 620, 630, 640, 650, 660, 670, 680, 690, 700, 710, 720, 730, 740, 750, 760, 770, 780, 790, 800, 810, 820, 830, 840, 850, 860, 870, 880, 890, 900, 910, 920, 930, 940, 950, 960, 970, 980, 990, 1000)