t1 <- c(0, 26, 48, 81, 129, 119, 124, 150, 183, 215, 208)
t2 <- c(0, 0, 0, 0, 0, 0, 0, 0, 0, 0, 0)
s <- c(965, 935, 963, 974, 979, 947, 932, 934, 944, 918, 959)
w<-c(0, 10, 20, 30, 40, 50, 60, 70, 80, 90, 100)